version https://git-lfs.github.com/spec/v1
oid sha256:524890270cfb6f3cc320d1d324af3d4ed65c8c7e743de1723cac0b43507f3b64
size 2918
