version https://git-lfs.github.com/spec/v1
oid sha256:c444f67c8ffa6d985cef55176e8f345041a12d3174f56258f60db7b5453de9c7
size 6191
