version https://git-lfs.github.com/spec/v1
oid sha256:cb5dc6bead08e6fbfb14c035ea9795e9c0662314335d2d0fbe2030935d6f2dce
size 5778
