version https://git-lfs.github.com/spec/v1
oid sha256:aafd25d4fbe762010e503e6e44e57c7f95b2c4f3798647bb2353ceae181c76ca
size 2683
