version https://git-lfs.github.com/spec/v1
oid sha256:a437e0826f132c9d554190361850a9a644438b67c209cc28d4fe0018a73d78f4
size 3646
