version https://git-lfs.github.com/spec/v1
oid sha256:a3a72312b7d53a7cf71ed044b3c5dd3218a73886c4571e32bad2b3a499263ff8
size 3505
