version https://git-lfs.github.com/spec/v1
oid sha256:b0c9119d59c29f15ed7cd44ed78ad885a37b06456d8bba4b22331fc77ce7c67f
size 5927
